# Real CICIDS 2017/2018 Attack Samples
# These are actual normalized features from the dataset
# Copy and paste into the web interface for testing

# ═══ DDoS Attack Sample ═══
-0.376598, 1.105360, 0.001172, -0.076136, -0.299018, -0.250126, -0.284270, -0.279023, 3.134255, -0.452150, 2.402362, 3.667319, -0.043828, -0.210244, 0.644282, 1.174040, 1.272432, -0.060296, 1.095490, 0.384357, 1.036627, 1.273198, -0.113704, -0.349671, -0.220390, -0.254053, -0.292736, -0.109019, 0.001757, 0.000180, -0.182233, -0.182783, -0.487408, 3.102843, 1.115411, 2.511597, 3.049444, -0.285013, -0.732679, 1.346025, 1.076959, -0.076136, -0.508706, -0.171583, 0.003482, 0.001969, 2.594351, 1.817386, 2.869748, 1.336610, 1.280467, 1.365544

# ═══ DoS Slowloris Attack Sample ═══
-0.376598, 1.762956, -0.006533, -0.021462, 0.220627, -0.250126, 0.215456, 0.398923, 2.177632, -0.452150, 2.399116, 2.403634, -0.043830, -0.210245, 2.135625, 2.715350, 2.077966, -0.060295, 1.767238, 2.620135, 3.168219, 2.076818, -0.113703, -0.368341, -0.241149, -0.289177, -0.317111, -0.109000, 0.001753, 0.000578, -0.182234, -0.182783, -0.487408, 2.150352, 2.228524, 2.328110, 2.653395, 3.508612, -0.732679, -0.742928, 2.300956, -0.021462, -0.527967, -0.170740, -0.006332, 0.001969, -0.148834, -0.162457, -0.127786, 2.159810, 2.083563, 2.192189

# ═══ PortScan Reconnaissance Sample ═══
-0.377229, -0.624424, -0.011156, -0.088241, -0.329486, -0.209633, -0.316264, -0.301885, -0.679404, -0.352162, -0.730353, -0.640898, 0.033292, 2.171810, -0.441921, -0.572184, -0.578121, -0.060295, -0.616857, -0.440722, -0.547218, -0.572955, -0.113704, -0.373060, -0.246397, -0.296732, -0.322640, -0.109024, 0.001746, -0.000470, 1.106547, 4.976053, -0.397008, -0.694344, -0.763476, -0.693481, -0.514079, -0.285013, 1.364853, -0.742928, -0.764330, -0.088241, -0.450923, -0.203748, -0.007968, 0.001973, -0.148834, -0.162457, -0.127786, -0.554524, -0.564482, -0.533506

# ═══ Normal Traffic Sample ═══
-0.353677, 0.158172, -0.009615, -0.073715, -0.270243, 0.499008, -0.087215, -0.301885, -0.681379, -0.452150, -0.736844, -0.640898, -0.043836, -0.210245, 5.449614, -0.572184, 0.292728, 8.769511, 0.164813, 2.573045, -0.547218, 0.295823, 3.599776, -0.373060, -0.246397, -0.296732, -0.322640, -0.109024, 0.001748, -0.000651, -0.182233, -0.182784, 1.184983, -0.684187, -0.687318, -0.695872, -0.514081, -0.285013, -0.732679, 1.346025, -0.660212, -0.073715, 1.942252, -0.203889, -0.006332, 0.001981, -0.148834, -0.162457, -0.127786, -0.554524, -0.564482, -0.533506

# ═══ Mixed Attack Batch (DDoS + DoS + PortScan) ═══
-0.376598, 1.800957, -0.000369, -0.077346, -0.299018, -0.250126, -0.283543, -0.277493, 2.201326, -0.452150, 2.400739, 2.427982, -0.043830, -0.210245, 1.219531, 2.002606, 2.037145, -0.060270, 1.808765, 0.896637, 1.841749, 2.036094, -0.113685, -0.372491, -0.245764, -0.296186, -0.322194, -0.109000, 0.001756, 0.000180, -0.182233, -0.182783, -0.487408, 2.173943, 1.258433, 1.881189, 1.786324, -0.285013, -0.732679, 1.346025, 1.229197, -0.077346, -0.508706, -0.171583, 0.001846, 0.001969, 3.993622, 2.827284, 4.398760, 2.118093, 2.042866, 2.150298
-0.376598, 0.937745, -0.003451, -0.026304, 0.190160, -0.250126, 0.007676, 0.242070, 1.701130, -0.452150, 1.771924, 1.835751, -0.043827, -0.210244, 0.735220, 1.227496, 1.158133, -0.060296, 0.941599, 0.764785, 1.333598, 1.159171, -0.113704, -0.368320, -0.242444, -0.290045, -0.317084, -0.109013, 0.001758, 0.000867, -0.182233, -0.182782, -0.487408, 1.675908, 1.472984, 1.714148, 1.497772, -0.285013, -0.732679, 1.346025, 1.456534, -0.026304, -0.507351, -0.170740, -0.006332, 0.001981, -0.148829, -0.162453, -0.127780, 1.219805, 1.166515, 1.248250
-0.355382, -0.624424, -0.011156, -0.088644, -0.332871, -0.250126, -0.329353, -0.301885, -0.679404, -0.352162, -0.730353, -0.640898, 0.245393, 11.700030, -0.441921, -0.572184, -0.578121, -0.060296, -0.616857, -0.440722, -0.547218, -0.572955, -0.113704, -0.373060, -0.246397, -0.296732, -0.322640, -0.109024, 0.001747, -0.000470, 6.261668, 25.611403, -0.487408, -0.694344, -0.766492, -0.692285, -0.514077, -0.285013, 1.364853, -0.742928, -0.768453, -0.088644, 1.668987, -0.203748, -0.007968, 0.001989, -0.148834, -0.162457, -0.127786, -0.554524, -0.564482, -0.533506
